[[1675,118,61,4],
[1993,117,65,3],
[1833,207,67,5],
[1194,213,68,3],
[1515,214,67,1],
[1674,302,67,7],
[1995,300,67,5],
[1032,304,67,4],
[1354,306,67,11],
[1837,392,66,5],
[877,394,65,3],
[1511,396,69,6],
[1188,400,68,2],
[1997,486,66,2],
[1042,487,63,1],
[1674,489,65,7],
[1993,487,66,6],
[718,489,63,9],
[1032,489,64,7],
[1353,489,67,3],
[1833,578,59,9],
[1513,579,56,2],
[1198,580,68,1],
[875,582,60,15],
[1194,581,68,8],
[560,585,67,3],
[1993,669,65,13],
[1670,669,67,2],
[715,673,63,6],
[1039,672,64,5],
[1350,675,69,9],
[1827,762,65,5],
[1510,765,68,14],
[560,766,66,6],
[1194,766,66,5],
[879,768,63,1],
[1997,848,66,1],
[1986,853,65,12],
[1037,853,66,2],
[1669,855,68,7],
[712,855,57,5],
[1346,858,65,3],
[400,860,66,6],
[1829,946,67,8],
[1511,948,67,3],
[557,950,60,9],
[873,950,63,3],
[1188,951,60,4],
[241,954,64,7],
[1994,1036,70,1],
[1992,1037,70,1],
[1989,1038,70,3],
[1349,1041,65,12],
[1671,1039,67,3],
[1034,1044,65,4],
[402,1045,61,3],
[716,1047,65,11],
[1196,1129,63,8],
[1829,1131,68,5],
[1510,1133,68,9],
[877,1133,66,5],
[554,1137,65,4],
[238,1138,62,1],
[1667,1222,70,1],
[1993,1222,69,1],
[1347,1226,67,7],
[718,1226,65,2],
[1032,1226,67,8],
[399,1228,65,11],
[84,1230,56,2],
[1511,1315,56,9],
[556,1317,68,1],
[874,1317,66,1],
[1191,1317,64,2],
[239,1319,67,8],
[1826,1318,65,4],
[1348,1405,67,7],
[401,1408,64,6],
[1668,1407,69,2],
[1995,1408,67,9],
[711,1410,63,12],
[1029,1411,66,9],
[1987,1410,67,1],
[79,1415,66,10],
[1831,1496,68,6],
[1194,1498,67,6],
[557,1499,66,1],
[1512,1501,62,1],
[238,1505,66,4],
[872,1504,59,4],
[716,1591,67,9],
[1034,1589,68,4],
[1989,1589,69,3],
[1351,1590,69,3],
[1986,1590,69,1],
[1670,1592,63,6],
[1983,1591,69,1],
[398,1594,71,1],
[80,1596,66,1],
[81,1598,66,1],
[1831,1681,69,10],
[874,1682,67,5],
[1511,1682,71,2],
[1190,1683,72,3],
[554,1686,68,9],
[232,1687,65,2],
[1036,1773,60,6],
[719,1775,65,11],
[1994,1774,72,1],
[1670,1775,60,1],
[1352,1776,71,5],
[396,1779,69,1],
[78,1781,66,4],
[394,1780,69,1],
[1830,1867,71,1],
[556,1868,64,3],
[872,1868,69,2],
[1510,1870,67,1],
[1182,1872,67,1],
[235,1874,62,12],
[1346,1959,68,5],
[1671,1960,67,18],
[1989,1959,66,1],
[715,1961,66,6],
[1031,1962,69,2],
[393,1965,67,7],
[77,1968,62,19],
[2887,83,64,3],
[2558,87,64,1],
[968,91,59,10],
[2238,90,64,2],
[1285,93,64,3],
[1603,93,68,3],
[1920,98,61,11],
[2399,177,65,7],
[2719,176,64,3],
[1766,182,57,5],
[2076,182,63,2],
[1126,184,66,2],
[1447,185,67,4],
[968,275,65,14],
[2560,273,67,5],
[1605,277,67,8],
[2234,275,60,2],
[1288,276,65,2],
[1916,283,57,10],
[2864,289,43,15],
[1445,364,62,9],
[2080,365,64,2],
[2719,365,66,5],
[1131,368,64,6],
[1764,370,63,8],
[2399,371,66,1],
[2882,453,64,9],
[2562,456,67,1],
[2232,457,56,1],
[2560,457,67,1],
[2558,458,67,1],
[1602,460,66,4],
[1927,461,63,3],
[969,463,64,6],
[1288,463,65,5],
[2718,545,67,10],
[1767,547,64,4],
[2403,550,57,7],
[1130,553,58,7],
[2083,552,67,1],
[1441,555,60,1],
[1606,640,62,11],
[2882,638,67,3],
[1924,640,64,4],
[2236,643,63,4],
[2557,642,64,1],
[966,644,65,6],
[1289,645,64,10],
[2720,729,63,2],
[2398,733,66,3],
[1442,735,53,5],
[1765,736,62,6],
[2081,736,64,2],
[1123,737,64,5],
[1924,824,64,3],
[2559,825,66,8],
[2881,824,67,6],
[1290,825,65,1],
[2242,825,59,6],
[1604,826,64,1],
[1282,829,65,1],
[965,831,67,2],
[2082,916,60,13],
[2715,916,61,18],
[2404,915,64,1],
[1762,917,67,7],
[1125,921,65,12],
[1444,921,67,2],
[2878,1009,68,12],
[2239,1009,62,3],
[2559,1009,64,2],
[1605,1010,66,2],
[1920,1013,67,3],
[968,1014,65,2],
[1285,1014,69,1],
[2716,1098,65,13],
[2088,1099,60,2],
[2396,1100,63,5],
[1764,1101,65,5],
[1760,1103,65,1],
[1125,1106,67,6],
[1445,1107,68,1],
[2561,1190,64,6],
[2877,1192,69,6],
[2237,1193,66,2],
[1927,1194,66,3],
[964,1197,68,7],
[1288,1197,68,2],
[1602,1200,65,1],
[2082,1283,66,3],
[2722,1285,66,1],
[2391,1287,62,5],
[1761,1290,65,1],
[1436,1292,61,6],
[1123,1293,64,4],
[2559,1375,66,5],
[2878,1376,65,9],
[1926,1376,68,1],
[2236,1378,67,1],
[964,1382,67,9],
[1603,1381,66,6],
[1287,1383,66,9],
[2063,1469,53,15],
[2398,1468,66,6],
[2715,1469,67,3],
[1443,1470,65,3],
[1126,1473,65,7],
[1755,1473,62,4],
[2555,1559,66,3],
[2876,1561,61,5],
[1913,1562,63,5],
[1281,1564,67,13],
[1601,1565,65,9],
[965,1568,61,7],
[2221,1577,47,40],
[1442,1652,61,14],
[2076,1652,65,9],
[2389,1656,64,5],
[2721,1655,65,2],
[1125,1656,68,8],
[1760,1656,67,1],
[2717,1656,65,2],
[2237,1741,66,4],
[2879,1744,61,3],
[2555,1746,65,8],
[1286,1748,69,3],
[1607,1748,61,5],
[1905,1749,51,1],
[964,1750,58,7],
[1909,1751,51,1],
[2717,1832,63,4],
[2394,1834,62,4],
[1443,1839,59,4],
[1761,1840,66,1],
[1123,1843,68,8],
[2079,1846,60,2],
[1914,1926,67,4],
[2236,1926,61,1],
[2560,1926,66,1],
[2875,1927,69,6],
[1601,1932,64,2],
[1280,1935,64,1],
[961,1936,65,14],
[2078,2023,67,11],
[1762,2023,65,2],
[3107,87,61,14],
[3431,87,66,1],
[2160,91,64,3],
[3753,90,63,13],
[2474,91,66,5],
[2794,92,65,4],
[1833,92,64,8],
[3274,178,57,16],
[1994,183,64,3],
[2317,184,65,4],
[2625,187,60,4],
[2949,186,64,1],
[3579,186,64,1],
[3582,188,64,1],
[2798,270,61,6],
[3750,271,63,13],
[3111,271,64,2],
[3432,273,65,8],
[2477,276,64,4],
[1837,277,67,4],
[2148,288,54,3],
[3589,364,68,3],
[2950,368,62,1],
[2636,370,62,6],
[1997,370,67,2],
[3266,370,66,4],
[2314,371,67,7],
[3110,452,63,8],
[3751,456,68,4],
[2789,458,65,1],
[2159,460,64,8],
[3424,460,67,1],
[1838,461,68,5],
[2474,466,59,2],
[2634,549,61,9],
[2951,549,68,6],
[1996,551,67,9],
[2312,550,60,3],
[3269,551,65,9],
[3565,556,44,1],
[2790,640,67,1],
[2473,641,66,1],
[3744,641,64,5],
[3109,643,67,2],
[3428,643,65,1],
[2158,645,66,2],
[1836,647,64,1],
[3268,731,64,2],
[2311,734,65,7],
[1998,735,63,6],
[2953,736,65,4],
[2636,738,68,3],
[3575,738,67,2],
[3105,823,61,11],
[3749,826,66,6],
[3429,828,63,3],
[1838,831,66,10],
[2791,829,67,9],
[3428,831,63,1],
[2474,832,63,5],
[2149,837,60,16],
[2471,834,63,1],
[2953,917,64,6],
[3586,917,68,2],
[2638,919,67,6],
[2311,920,66,4],
[3269,919,68,1],
[1994,922,62,3],
[1991,924,62,1],
[2789,1010,67,10],
[3428,1010,67,7],
[3100,1012,63,7],
[3736,1015,61,18],
[2473,1012,65,6],
[2155,1014,70,1],
[1839,1015,64,3],
[3588,1101,65,1],
[2307,1103,62,7],
[3266,1103,64,13],
[2629,1103,65,8],
[1995,1104,66,1],
[2951,1105,69,3],
[3746,1190,69,2],
[3426,1192,65,10],
[1840,1196,64,6],
[3104,1196,67,5],
[2469,1196,64,4],
[2787,1196,69,10],
[2156,1198,69,8],
[3580,1282,63,3],
[2937,1285,62,7],
[3268,1287,60,15],
[2640,1287,69,1],
[2638,1288,69,1],
[2000,1291,65,6],
[2312,1295,62,2],
[3424,1376,67,6],
[3741,1379,63,12],
[2154,1379,64,1],
[1838,1382,65,12],
[2790,1381,55,1],
[2155,1382,64,1],
[2476,1382,67,1],
[2473,1383,67,1],
[3096,1387,58,22],
[2937,1466,59,2],
[2635,1469,61,1],
[3263,1470,63,6],
[3590,1470,63,4],
[2626,1474,60,2],
[1992,1475,67,8],
[2313,1475,67,1],
[2467,1561,65,13],
[3108,1560,67,8],
[3425,1561,68,7],
[2790,1563,63,3],
[1835,1564,67,3],
[2154,1567,61,6],
[3745,1570,61,2],
[2310,1656,57,15],
[3576,1656,63,11],
[2637,1656,69,7],
[2947,1658,65,4],
[3582,1659,63,1],
[3584,1660,63,1],
[1999,1661,65,2],
[1996,1662,65,3],
[3257,1666,54,6],
[3746,1740,62,2],
[3423,1746,68,5],
[2793,1747,65,6],
[2154,1748,61,8],
[2474,1751,66,3],
[3105,1750,67,1],
[1832,1753,65,8],
[2314,1837,64,2],
[2948,1837,66,5],
[1994,1838,63,2],
[3265,1839,68,2],
[2639,1840,65,2],
[3575,1844,59,1],
[3577,1847,59,3],
[2787,1930,69,1],
[2472,1931,67,2],
[3104,1931,64,3],
[3420,1933,64,10],
[1834,1934,65,14],
[2151,1932,69,2],
[3743,1933,63,2],
[2950,2025,69,13],
[2313,2023,71,1],
[3264,2029,72,1],
[2630,2030,69,2],
[4623,118,69,10],
[3983,119,57,5],
[2713,122,67,1],
[4308,123,56,8],
[3350,124,65,3],
[3665,124,63,1],
[3033,128,64,2],
[4142,209,55,8],
[4462,210,59,3],
[3829,214,67,1],
[3187,215,68,1],
[2867,217,71,1],
[3517,220,58,6],
[3513,224,58,2],
[4622,303,64,8],
[3985,307,62,3],
[3032,308,65,3],
[3666,309,64,9],
[3351,311,65,13],
[2713,310,65,1],
[4303,311,63,8],
[4144,395,65,5],
[3511,397,59,12],
[3819,398,58,4],
[4463,397,66,4],
[3191,398,70,1],
[2872,399,69,6],
[4306,490,63,21],
[4622,488,67,9],
[3670,488,67,8],
[3029,489,66,2],
[3352,490,70,2],
[3979,496,60,12],
[2707,495,68,2],
[4448,578,52,1],
[4125,585,54,8],
[3193,584,65,5],
[3508,585,69,6],
[3827,584,63,1],
[4450,585,52,1],
[3190,586,65,1],
[3187,587,65,1],
[4452,590,52,9],
[2858,591,52,10],
[3990,670,58,1],
[4608,676,55,20],
[3346,673,62,2],
[3983,673,59,3],
[4302,674,64,7],
[2711,677,66,1],
[3028,678,65,1],
[3663,678,67,2],
[3188,764,68,2],
[4142,764,65,4],
[2867,769,69,6],
[4456,772,62,11],
[3503,775,64,4],
[3822,775,63,2],
[4302,855,69,5],
[3982,857,68,2],
[4616,860,63,15],
[3350,859,66,5],
[2712,864,63,11],
[3035,862,67,1],
[3664,867,60,2],
[4142,949,67,6],
[3824,950,65,13],
[3506,952,68,4],
[4458,952,66,2],
[2871,953,68,3],
[3184,955,68,1],
[3978,1042,60,13],
[3663,1041,69,2],
[3343,1042,64,1],
[4620,1042,67,1],
[3664,1045,69,1],
[2712,1046,67,4],
[4308,1048,66,1],
[3024,1050,66,2],
[4459,1133,69,4],
[3824,1134,66,1],
[4143,1134,69,4],
[2872,1137,65,7],
[3188,1135,65,3],
[3506,1136,70,7],
[4302,1225,62,6],
[4615,1224,62,1],
[3031,1226,68,5],
[3661,1226,62,8],
[3343,1228,69,4],
[2712,1228,66,5],
[3993,1242,50,4],
[3989,1244,50,3],
[2872,1317,67,2],
[4452,1319,58,1],
[3510,1322,68,3],
[3187,1324,70,8],
[4144,1324,62,16],
[3814,1329,53,1],
[3815,1333,53,7],
[4620,1409,67,12],
[3667,1411,64,4],
[3348,1412,70,4],
[4300,1411,68,1],
[2709,1413,67,7],
[3030,1413,68,4],
[3972,1414,64,7],
[3506,1502,71,3],
[2876,1506,64,1],
[3188,1506,70,1],
[4452,1506,62,1],
[3820,1510,58,7],
[4130,1512,57,2],
[4295,1593,62,11],
[3670,1593,68,1],
[3986,1594,62,8],
[3027,1596,67,9],
[3344,1596,65,6],
[2709,1598,68,8],
[4604,1604,52,6],
[4141,1685,62,7],
[4462,1685,67,5],
[3499,1687,69,6],
[3826,1687,69,1],
[2865,1689,68,15],
[3189,1691,62,16],
[3030,1773,64,5],
[3343,1775,68,5],
[4625,1776,60,6],
[4301,1779,67,2],
[2706,1782,68,11],
[3665,1781,69,2],
[3978,1781,67,2],
[3188,1869,69,3],
[4462,1870,68,9],
[3503,1875,67,2],
[2864,1878,65,3],
[3811,1881,54,1],
[4128,1885,55,15],
[4621,1962,68,6],
[3974,1965,61,10],
[4295,1966,60,12],
[3030,1964,68,3],
[2700,1969,66,3],
[3655,1971,64,7],
[3333,1974,56,10],
[4301,1971,60,1],
[4146,2054,63,1],
[4445,2057,57,2],
[3502,2058,67,2],
[5175,152,51,7],
[5492,155,62,3],
[4225,160,64,12],
[3902,158,70,3],
[4532,161,58,7],
[4860,161,64,7],
[3582,162,57,9],
[4371,243,56,6],
[5020,245,66,5],
[5332,247,68,1],
[3741,249,59,6],
[4697,250,63,11],
[4062,249,66,3],
[5177,338,58,2],
[4538,342,55,14],
[5176,341,58,1],
[4854,342,62,7],
[3902,343,64,2],
[5174,345,58,6],
[4221,348,66,4],
[3582,349,64,7],
[5485,355,51,1],
[4384,431,64,8],
[4057,432,66,3],
[5333,433,68,3],
[4692,435,62,6],
[5015,433,67,2],
[3744,436,65,9],
[5497,520,62,9],
[4538,527,59,3],
[3580,527,67,4],
[3906,527,67,1],
[4221,527,65,2],
[4855,528,66,8],
[3904,528,67,1],
[5177,529,61,5],
[3902,529,67,1],
[5335,614,59,4],
[3744,619,64,4],
[4698,619,64,2],
[4058,621,66,3],
[4381,622,65,4],
[5017,621,66,1],
[5495,706,62,6],
[4538,708,66,4],
[5175,708,68,4],
[4851,711,55,14],
[4222,710,67,4],
[3582,711,65,9],
[3895,714,60,6],
[5336,799,63,4],
[4062,804,66,9],
[4379,804,65,11],
[5013,802,64,3],
[4693,803,62,3],
[3744,810,66,1],
[4859,892,63,3],
[5176,891,69,1],
[5495,892,64,5],
[3584,894,70,2],
[3903,895,69,1],
[4222,898,66,8],
[4539,898,66,1],
[5014,985,68,8],
[4382,987,62,10],
[4696,987,65,1],
[5332,987,67,10],
[4061,988,68,2],
[3735,994,60,1],
[4537,1074,66,1],
[4218,1078,57,14],
[4858,1077,62,9],
[5174,1076,63,8],
[5487,1076,64,7],
[3903,1082,66,1],
[3588,1085,66,4],
[4058,1166,63,2],
[4062,1167,63,3],
[4696,1169,65,7],
[4377,1170,63,1],
[5016,1171,66,4],
[5340,1171,63,3],
[3741,1173,68,5],
[4222,1260,68,6],
[3899,1262,61,3],
[4854,1262,69,3],
[5170,1263,63,7],
[5486,1264,64,7],
[3582,1265,62,8],
[4530,1266,71,4],
[5491,1267,64,1],
[4699,1352,68,3],
[4379,1353,68,6],
[3744,1354,66,6],
[5008,1354,64,7],
[5334,1354,67,1],
[4060,1356,66,2],
[5173,1444,60,3],
[4856,1445,66,5],
[5170,1445,60,1],
[5493,1447,63,6],
[3578,1448,69,5],
[3900,1448,67,3],
[4219,1448,67,4],
[4540,1448,61,1],
[5330,1534,65,10],
[4691,1535,64,2],
[3741,1538,68,7],
[5017,1538,67,1],
[4058,1539,70,5],
[4382,1541,65,8],
[5491,1625,59,5],
[4852,1629,64,16],
[5483,1628,58,1],
[5179,1629,67,5],
[4220,1631,67,7],
[4540,1630,70,2],
[3890,1646,52,1],
[5332,1720,68,6],
[5016,1723,68,15],
[4387,1723,65,2],
[3742,1724,67,7],
[4697,1728,66,1],
[4056,1729,68,7],
[5175,1811,70,2],
[4536,1814,62,9],
[3905,1814,60,1],
[4852,1815,67,7],
[4219,1816,66,4],
[3578,1819,68,7],
[5479,1820,56,8],
[5327,1903,64,2],
[4379,1905,66,6],
[5011,1905,55,4],
[4697,1906,66,2],
[4059,1908,66,5],
[3743,1909,68,5],
[4535,1996,65,3],
[4855,1997,63,1],
[3901,2000,68,8],
[4852,2001,63,10],
[4220,2001,61,11],
[5172,2001,62,5],
[3580,2017,55,1],
[5486,2018,50,6],
[4378,2093,68,1],
[5727,176,67,4],
[6045,175,62,2],
[6368,178,59,8],
[4770,181,62,4],
[5095,180,64,4],
[5409,180,67,1],
[5886,266,64,9],
[5249,268,64,3],
[4610,270,67,7],
[4931,272,67,5],
[5566,275,57,16],
[6203,270,64,1],
[6360,360,67,17],
[5095,361,57,2],
[6045,363,68,2],
[5407,367,63,10],
[5715,369,56,8],
[4774,369,62,5],
[4929,451,61,4],
[5569,453,65,3],
[4611,456,67,11],
[5884,455,69,4],
[6202,456,69,5],
[5250,459,59,1],
[5246,460,59,2],
[4777,545,62,9],
[6044,548,67,14],
[5407,547,65,6],
[5729,547,65,1],
[5094,549,61,5],
[6360,548,67,2],
[5881,637,67,6],
[4931,638,58,10],
[5250,639,64,6],
[4614,639,59,2],
[6202,640,66,11],
[5566,642,68,9],
[6360,730,59,15],
[5726,727,68,6],
[6043,729,62,1],
[4775,731,62,3],
[5092,731,66,6],
[5410,734,71,1],
[5570,821,69,4],
[4617,822,63,2],
[6201,823,62,13],
[5884,823,68,5],
[4931,826,68,3],
[5253,827,71,4],
[5409,912,65,6],
[6359,915,63,6],
[4776,917,63,13],
[6043,916,69,1],
[5091,918,61,17],
[5718,924,62,1],
[6205,1006,66,2],
[5247,1008,65,7],
[4932,1010,65,4],
[5884,1011,66,6],
[4613,1011,67,11],
[5549,1019,54,20],
[6042,1097,65,2],
[4768,1100,64,6],
[5722,1099,67,4],
[6360,1099,67,2],
[5407,1100,69,4],
[5085,1102,62,1],
[5562,1189,66,2],
[4930,1191,68,8],
[6202,1191,65,5],
[5249,1191,69,12],
[5882,1191,66,3],
[4619,1195,62,8],
[6044,1282,65,4],
[4773,1285,69,4],
[5091,1285,65,1],
[5409,1286,68,2],
[5709,1296,48,25],
[5245,1375,60,11],
[5564,1374,64,3],
[4612,1377,66,4],
[4933,1377,66,3],
[6200,1378,69,1],
[5862,1380,48,1],
[5722,1465,68,9],
[6359,1465,66,1],
[5094,1467,61,2],
[6042,1467,64,9],
[4773,1470,63,5],
[5410,1470,64,2],
[5884,1553,62,10],
[5248,1557,65,7],
[4610,1558,65,3],
[4934,1559,64,6],
[5563,1559,70,2],
[6200,1561,56,9],
[6359,1645,61,1],
[5088,1649,59,22],
[5406,1649,63,1],
[6042,1650,70,1],
[5719,1651,60,6],
[4757,1655,53,2],
[5883,1742,69,6],
[5244,1743,64,4],
[4612,1745,68,1],
[6190,1746,59,1],
[4931,1747,66,4],
[5565,1750,60,14],
[6192,1750,59,7],
[6042,1834,65,15],
[6356,1831,69,10],
[5091,1836,63,3],
[5711,1840,56,8],
[4766,1842,62,1],
[5403,1843,61,3],
[4767,1844,62,1],
[6202,1925,65,8],
[4928,1927,65,13],
[4607,1926,63,6],
[5244,1927,68,5],
[5888,1927,66,1],
[5885,1929,66,1],
[5569,1930,63,1],
[5086,2018,59,7],
[6041,2020,65,7],
[6359,2019,61,4],
[5727,2021,62,5],
[5397,2025,61,7],
[4762,2036,53,10],
[4930,2116,68,4],
[6200,2118,66,7]]